 &plot nbnd=  15, nks=   181 /
            0.000000  0.000000  0.000000
  -29.399  -28.903  -20.186  -12.824   -9.844   -8.100   -8.100   -6.924   -6.924   -3.952
   -3.952   -0.810    3.408    3.408    3.591
            0.004762  0.008248  0.000000
  -29.398  -28.903  -20.185  -12.824   -9.844   -8.105   -8.102   -6.925   -6.924   -3.957
   -3.954   -0.805    3.408    3.412    3.593
            0.009524  0.016496  0.000000
  -29.396  -28.901  -20.182  -12.822   -9.846   -8.119   -8.106   -6.928   -6.925   -3.972
   -3.959   -0.793    3.410    3.426    3.600
            0.014286  0.024744  0.000000
  -29.393  -28.899  -20.176  -12.819   -9.848   -8.143   -8.114   -6.934   -6.926   -3.997
   -3.968   -0.773    3.412    3.449    3.611
            0.019048  0.032991  0.000000
  -29.389  -28.896  -20.169  -12.815   -9.851   -8.177   -8.125   -6.943   -6.928   -4.031
   -3.980   -0.745    3.417    3.481    3.627
            0.023810  0.041239  0.000000
  -29.384  -28.892  -20.160  -12.810   -9.856   -8.219   -8.139   -6.953   -6.930   -4.073
   -3.995   -0.709    3.422    3.521    3.647
            0.028571  0.049487  0.000000
  -29.377  -28.888  -20.148  -12.804   -9.861   -8.270   -8.156   -6.965   -6.934   -4.123
   -4.014   -0.668    3.430    3.568    3.671
            0.033333  0.057735  0.000000
  -29.369  -28.882  -20.134  -12.797   -9.868   -8.329   -8.176   -6.980   -6.938   -4.180
   -4.036   -0.621    3.439    3.621    3.699
            0.038095  0.065983  0.000000
  -29.360  -28.876  -20.119  -12.789   -9.875   -8.396   -8.199   -6.996   -6.943   -4.243
   -4.061   -0.568    3.451    3.680    3.731
            0.042857  0.074231  0.000000
  -29.350  -28.869  -20.101  -12.779   -9.884   -8.470   -8.226   -7.014   -6.949   -4.312
   -4.089   -0.512    3.464    3.742    3.766
            0.047619  0.082479  0.000000
  -29.339  -28.861  -20.081  -12.769   -9.894   -8.551   -8.255   -7.034   -6.956   -4.385
   -4.120   -0.451    3.480    3.805    3.807
            0.052381  0.090726  0.000000
  -29.327  -28.852  -20.059  -12.758   -9.905   -8.639   -8.288   -7.055   -6.965   -4.463
   -4.154   -0.386    3.499    3.848    3.872
            0.057143  0.098974  0.000000
  -29.314  -28.843  -20.035  -12.745   -9.917   -8.732   -8.324   -7.077   -6.974   -4.543
   -4.190   -0.319    3.520    3.894    3.936
            0.061905  0.107222  0.000000
  -29.300  -28.833  -20.009  -12.732   -9.931   -8.831   -8.362   -7.100   -6.985   -4.627
   -4.229   -0.249    3.544    3.944    4.000
            0.066667  0.115470  0.000000
  -29.284  -28.822  -19.981  -12.718   -9.946   -8.935   -8.404   -7.124   -6.998   -4.712
   -4.271   -0.177    3.571    3.998    4.063
            0.071429  0.123718  0.000000
  -29.268  -28.810  -19.951  -12.704   -9.962   -9.043   -8.449   -7.149   -7.012   -4.800
   -4.315   -0.103    3.601    4.055    4.126
            0.076190  0.131966  0.000000
  -29.251  -28.798  -19.918  -12.689   -9.980   -9.155   -8.496   -7.174   -7.027   -4.888
   -4.361   -0.028    3.633    4.115    4.189
            0.080952  0.140214  0.000000
  -29.233  -28.785  -19.884  -12.673  -10.000   -9.271   -8.546   -7.200   -7.044   -4.978
   -4.409    0.050    3.669    4.179    4.255
            0.085714  0.148461  0.000000
  -29.214  -28.772  -19.847  -12.656  -10.021   -9.389   -8.598   -7.227   -7.063   -5.067
   -4.459    0.128    3.707    4.247    4.322
            0.090476  0.156709  0.000000
  -29.194  -28.758  -19.809  -12.639  -10.044   -9.510   -8.653   -7.253   -7.083   -5.157
   -4.510    0.208    3.749    4.318    4.391
            0.095238  0.164957  0.000000
  -29.173  -28.744  -19.768  -12.622  -10.069   -9.633   -8.709   -7.280   -7.105   -5.246
   -4.563    0.289    3.793    4.393    4.462
            0.100000  0.173205  0.000000
  -29.152  -28.729  -19.725  -12.605  -10.095   -9.757   -8.768   -7.307   -7.129   -5.335
   -4.617    0.371    3.841    4.471    4.536
            0.104762  0.181453  0.000000
  -29.130  -28.713  -19.681  -12.587  -10.124   -9.883   -8.828   -7.335   -7.155   -5.422
   -4.672    0.454    3.892    4.552    4.613
            0.109524  0.189701  0.000000
  -29.107  -28.697  -19.634  -12.570  -10.155  -10.009   -8.890   -7.362   -7.183   -5.508
   -4.728    0.538    3.946    4.637    4.692
            0.114286  0.197949  0.000000
  -29.084  -28.681  -19.585  -12.554  -10.188  -10.135   -8.953   -7.389   -7.213   -5.593
   -4.785    0.623    4.003    4.725    4.774
            0.119048  0.206197  0.000000
  -29.060  -28.665  -19.534  -12.537  -10.260  -10.223   -9.018   -7.416   -7.245   -5.676
   -4.843    0.709    4.063    4.816    4.857
            0.123810  0.214444  0.000000
  -29.035  -28.648  -19.481  -12.522  -10.385  -10.261   -9.083   -7.442   -7.279   -5.756
   -4.900    0.795    4.127    4.910    4.943
            0.128571  0.222692  0.000000
  -29.010  -28.631  -19.426  -12.509  -10.508  -10.301   -9.148   -7.468   -7.316   -5.835
   -4.959    0.883    4.194    5.008    5.032
            0.133333  0.230940  0.000000
  -28.985  -28.614  -19.368  -12.497  -10.629  -10.343   -9.214   -7.494   -7.354   -5.911
   -5.017    0.971    4.263    5.108    5.122
            0.138095  0.239188  0.000000
  -28.959  -28.596  -19.309  -12.488  -10.746  -10.389   -9.280   -7.520   -7.395   -5.985
   -5.075    1.060    4.336    5.210    5.213
            0.142857  0.247436  0.000000
  -28.933  -28.579  -19.248  -12.482  -10.860  -10.437   -9.346   -7.545   -7.437   -6.056
   -5.133    1.149    4.412    5.305    5.315
            0.147619  0.255684  0.000000
  -28.907  -28.561  -19.184  -12.481  -10.968  -10.488   -9.411   -7.569   -7.482   -6.124
   -5.191    1.240    4.490    5.399    5.422
            0.152381  0.263932  0.000000
  -28.880  -28.544  -19.119  -12.485  -11.070  -10.541   -9.476   -7.593   -7.529   -6.190
   -5.249    1.331    4.572    5.492    5.530
            0.157143  0.272179  0.000000
  -28.854  -28.526  -19.051  -12.495  -11.165  -10.598   -9.539   -7.616   -7.577   -6.253
   -5.306    1.423    4.656    5.586    5.638
            0.161905  0.280427  0.000000
  -28.827  -28.509  -18.982  -12.514  -11.250  -10.658   -9.602   -7.638   -7.626   -6.314
   -5.363    1.515    4.743    5.679    5.747
            0.166667  0.288675  0.000000
  -28.800  -28.491  -18.910  -12.541  -11.325  -10.720   -9.663   -7.677   -7.659   -6.372
   -5.420    1.608    4.833    5.770    5.854
            0.171429  0.296923  0.000000
  -28.774  -28.474  -18.836  -12.579  -11.388  -10.786   -9.723   -7.729   -7.679   -6.427
   -5.476    1.702    4.924    5.860    5.958
            0.176190  0.305171  0.000000
  -28.747  -28.457  -18.760  -12.628  -11.439  -10.854   -9.782   -7.781   -7.698   -6.481
   -5.531    1.797    5.018    5.948    6.057
            0.180952  0.313419  0.000000
  -28.721  -28.440  -18.683  -12.688  -11.477  -10.925   -9.839   -7.834   -7.716   -6.532
   -5.586    1.892    5.113    6.034    6.148
            0.185714  0.321667  0.000000
  -28.694  -28.424  -18.603  -12.757  -11.505  -10.998   -9.894   -7.887   -7.733   -6.581
   -5.640    1.988    5.209    6.117    6.228
            0.190476  0.329914  0.000000
  -28.669  -28.407  -18.521  -12.834  -11.522  -11.074   -9.947   -7.940   -7.748   -6.628
   -5.694    2.084    5.305    6.198    6.296
            0.195238  0.338162  0.000000
  -28.643  -28.392  -18.437  -12.919  -11.531  -11.152   -9.998   -7.993   -7.763   -6.674
   -5.747    2.181    5.401    6.277    6.351
            0.200000  0.346410  0.000000
  -28.618  -28.376  -18.351  -13.009  -11.533  -11.233  -10.048   -8.045   -7.775   -6.718
   -5.799    2.279    5.494    6.353    6.392
            0.204762  0.354658  0.000000
  -28.593  -28.361  -18.263  -13.103  -11.529  -11.315  -10.096   -8.097   -7.787   -6.761
   -5.851    2.376    5.583    6.424    6.427
            0.209524  0.362906  0.000000
  -28.569  -28.347  -18.173  -13.200  -11.520  -11.398  -10.142   -8.147   -7.797   -6.802
   -5.902    2.475    5.665    6.452    6.498
            0.214286  0.371154  0.000000
  -28.545  -28.333  -18.081  -13.299  -11.508  -11.483  -10.186   -8.197   -7.805   -6.842
   -5.952    2.573    5.735    6.482    6.568
            0.219048  0.379402  0.000000
  -28.522  -28.320  -17.987  -13.400  -11.570  -11.493  -10.229   -8.245   -7.812   -6.881
   -6.002    2.672    5.790    6.521    6.636
            0.223810  0.387649  0.000000
  -28.499  -28.307  -17.891  -13.501  -11.657  -11.475  -10.270   -8.292   -7.817   -6.918
   -6.051    2.772    5.826    6.574    6.703
            0.228571  0.395897  0.000000
  -28.477  -28.295  -17.793  -13.603  -11.745  -11.455  -10.310   -8.337   -7.820   -6.955
   -6.099    2.871    5.841    6.644    6.768
            0.233333  0.404145  0.000000
  -28.456  -28.283  -17.694  -13.704  -11.833  -11.433  -10.348   -8.380   -7.822   -6.991
   -6.147    2.971    5.840    6.729    6.831
            0.238095  0.412393  0.000000
  -28.436  -28.272  -17.593  -13.805  -11.921  -11.411  -10.384   -8.422   -7.822   -7.025
   -6.194    3.070    5.823    6.828    6.892
            0.242857  0.420641  0.000000
  -28.416  -28.262  -17.490  -13.905  -12.009  -11.387  -10.420   -8.462   -7.819   -7.059
   -6.241    3.170    5.797    6.936    6.952
            0.247619  0.428889  0.000000
  -28.397  -28.253  -17.385  -14.004  -12.097  -11.363  -10.454   -8.500   -7.815   -7.092
   -6.287    3.269    5.762    7.008    7.051
            0.252381  0.437137  0.000000
  -28.379  -28.244  -17.279  -14.102  -12.184  -11.338  -10.487   -8.536   -7.809   -7.123
   -6.332    3.368    5.722    7.062    7.171
            0.257143  0.445384  0.000000
  -28.362  -28.236  -17.172  -14.199  -12.270  -11.312  -10.518   -8.570   -7.802   -7.154
   -6.376    3.466    5.678    7.110    7.295
            0.261905  0.453632  0.000000
  -28.346  -28.229  -17.064  -14.294  -12.356  -11.286  -10.549   -8.602   -7.792   -7.184
   -6.420    3.564    5.631    7.152    7.422
            0.266667  0.461880  0.000000
  -28.330  -28.222  -16.954  -14.389  -12.439  -11.260  -10.579   -8.632   -7.780   -7.213
   -6.462    3.662    5.581    7.184    7.549
            0.271429  0.470128  0.000000
  -28.316  -28.217  -16.844  -14.481  -12.521  -11.234  -10.607   -8.660   -7.766   -7.241
   -6.504    3.758    5.531    7.205    7.676
            0.276190  0.478376  0.000000
  -28.302  -28.212  -16.733  -14.572  -12.601  -11.207  -10.635   -8.686   -7.750   -7.267
   -6.545    3.853    5.479    7.213    7.741
            0.280952  0.486624  0.000000
  -28.289  -28.207  -16.621  -14.662  -12.678  -11.181  -10.662   -8.710   -7.733   -7.293
   -6.584    3.948    5.426    7.209    7.770
            0.285714  0.494872  0.000000
  -28.277  -28.204  -16.510  -14.749  -12.752  -11.155  -10.688   -8.732   -7.714   -7.318
   -6.622    4.040    5.373    7.196    7.811
            0.290476  0.503120  0.000000
  -28.267  -28.201  -16.399  -14.836  -12.823  -11.129  -10.714   -8.752   -7.693   -7.341
   -6.659    4.131    5.319    7.177    7.861
            0.295238  0.511367  0.000000
  -28.256  -28.199  -16.289  -14.920  -12.890  -11.103  -10.739   -8.770   -7.671   -7.364
   -6.694    4.220    5.265    7.154    7.918
            0.300000  0.519615  0.000000
  -28.247  -28.198  -16.181  -15.003  -12.952  -11.077  -10.763   -8.785   -7.648   -7.385
   -6.727    4.307    5.210    7.130    7.980
            0.304762  0.527863  0.000000
  -28.239  -28.197  -16.074  -15.084  -13.009  -11.052  -10.787   -8.799   -7.624   -7.405
   -6.758    4.391    5.155    7.106    8.046
            0.309524  0.536111  0.000000
  -28.232  -28.197  -15.971  -15.163  -13.060  -11.028  -10.810   -8.810   -7.600   -7.424
   -6.786    4.472    5.100    7.084    8.115
            0.314286  0.544359  0.000000
  -28.225  -28.198  -15.871  -15.240  -13.104  -11.004  -10.832   -8.820   -7.577   -7.442
   -6.811    4.550    5.045    7.064    8.187
            0.319048  0.552607  0.000000
  -28.219  -28.199  -15.776  -15.316  -13.140  -10.981  -10.854   -8.827   -7.554   -7.459
   -6.832    4.624    4.989    7.048    8.260
            0.323810  0.560855  0.000000
  -28.214  -28.201  -15.687  -15.390  -13.167  -10.959  -10.876   -8.832   -7.533   -7.474
   -6.848    4.694    4.933    7.035    8.336
            0.328571  0.569102  0.000000
  -28.210  -28.203  -15.605  -15.462  -13.184  -10.937  -10.897   -8.836   -7.515   -7.488
   -6.858    4.759    4.876    7.028    8.412
            0.333333  0.577350  0.000000
  -28.206  -28.206  -15.532  -15.532  -13.190  -10.917  -10.917   -8.837   -7.501   -7.501
   -6.861    4.819    4.819    7.025    8.489
            0.337500  0.570133  0.000000
  -28.209  -28.204  -15.592  -15.475  -13.186  -10.934  -10.900   -8.836   -7.511   -7.492
   -6.858    4.768    4.868    7.027    8.410
            0.341667  0.562917  0.000000
  -28.213  -28.202  -15.650  -15.425  -13.171  -10.951  -10.884   -8.833   -7.520   -7.487
   -6.850    4.717    4.912    7.034    8.310
            0.345833  0.555700  0.000000
  -28.216  -28.200  -15.707  -15.384  -13.147  -10.967  -10.869   -8.830   -7.528   -7.486
   -6.835    4.664    4.951    7.045    8.191
            0.350000  0.548483  0.000000
  -28.220  -28.199  -15.763  -15.351  -13.112  -10.982  -10.854   -8.824   -7.536   -7.488
   -6.814    4.611    4.987    7.062    8.056
            0.354167  0.541266  0.000000
  -28.225  -28.198  -15.817  -15.326  -13.068  -10.997  -10.841   -8.817   -7.542   -7.494
   -6.788    4.556    5.017    7.083    7.908
            0.358333  0.534049  0.000000
  -28.229  -28.198  -15.869  -15.309  -13.014  -11.011  -10.829   -8.809   -7.547   -7.504
   -6.757    4.499    5.044    7.109    7.749
            0.362500  0.526832  0.000000
  -28.234  -28.198  -15.921  -15.299  -12.952  -11.024  -10.818   -8.800   -7.552   -7.515
   -6.722    4.441    5.065    7.140    7.582
            0.366667  0.519615  0.000000
  -28.239  -28.199  -15.970  -15.295  -12.882  -11.036  -10.808   -8.789   -7.555   -7.529
   -6.683    4.380    5.083    7.175    7.410
            0.370833  0.512398  0.000000
  -28.244  -28.199  -16.019  -15.297  -12.805  -11.046  -10.799   -8.777   -7.557   -7.544
   -6.641    4.317    5.096    7.215    7.234
            0.375000  0.505181  0.000000
  -28.249  -28.201  -16.066  -15.305  -12.723  -11.056  -10.791   -8.764   -7.561   -7.559
   -6.596    4.251    5.106    7.056    7.258
            0.379167  0.497965  0.000000
  -28.255  -28.202  -16.111  -15.316  -12.637  -11.064  -10.784   -8.750   -7.578   -7.559
   -6.549    4.182    5.113    6.879    7.306
            0.383333  0.490748  0.000000
  -28.260  -28.204  -16.155  -15.331  -12.547  -11.069  -10.778   -8.735   -7.596   -7.559
   -6.499    4.109    5.116    6.703    7.356
            0.387500  0.483531  0.000000
  -28.266  -28.205  -16.198  -15.349  -12.455  -11.073  -10.773   -8.720   -7.615   -7.558
   -6.449    4.031    5.117    6.532    7.410
            0.391667  0.476314  0.000000
  -28.272  -28.207  -16.239  -15.369  -12.362  -11.074  -10.769   -8.704   -7.633   -7.555
   -6.396    3.948    5.115    6.365    7.466
            0.395833  0.469097  0.000000
  -28.277  -28.210  -16.278  -15.391  -12.270  -11.071  -10.766   -8.688   -7.652   -7.552
   -6.343    3.860    5.112    6.205    7.524
            0.400000  0.461880  0.000000
  -28.283  -28.212  -16.316  -15.414  -12.180  -11.064  -10.763   -8.671   -7.670   -7.548
   -6.289    3.765    5.106    6.052    7.585
            0.404167  0.454663  0.000000
  -28.289  -28.215  -16.353  -15.438  -12.093  -11.052  -10.761   -8.654   -7.688   -7.543
   -6.234    3.665    5.099    5.908    7.646
            0.408333  0.447446  0.000000
  -28.294  -28.217  -16.387  -15.462  -12.011  -11.035  -10.760   -8.638   -7.706   -7.537
   -6.179    3.558    5.091    5.773    7.709
            0.412500  0.440230  0.000000
  -28.300  -28.220  -16.421  -15.487  -11.936  -11.010  -10.760   -8.621   -7.723   -7.531
   -6.123    3.446    5.082    5.648    7.773
            0.416667  0.433013  0.000000
  -28.305  -28.223  -16.453  -15.511  -11.869  -10.977  -10.760   -8.605   -7.740   -7.524
   -6.068    3.328    5.072    5.533    7.837
            0.420833  0.425796  0.000000
  -28.311  -28.225  -16.483  -15.536  -11.810  -10.936  -10.760   -8.589   -7.757   -7.516
   -6.012    3.205    5.061    5.428    7.901
            0.425000  0.418579  0.000000
  -28.316  -28.228  -16.512  -15.560  -11.761  -10.887  -10.761   -8.573   -7.772   -7.508
   -5.958    3.078    5.050    5.332    7.966
            0.429167  0.411362  0.000000
  -28.321  -28.231  -16.540  -15.583  -11.721  -10.831  -10.763   -8.559   -7.788   -7.499
   -5.903    2.948    5.039    5.246    8.030
            0.433333  0.404145  0.000000
  -28.326  -28.233  -16.565  -15.605  -11.690  -10.768  -10.764   -8.544   -7.802   -7.490
   -5.850    2.816    5.028    5.169    8.093
            0.437500  0.396928  0.000000
  -28.331  -28.236  -16.590  -15.627  -11.665  -10.766  -10.701   -8.531   -7.816   -7.481
   -5.798    2.685    5.017    5.099    8.155
            0.441667  0.389711  0.000000
  -28.335  -28.238  -16.612  -15.647  -11.646  -10.768  -10.631   -8.518   -7.829   -7.471
   -5.747    2.554    5.006    5.037    8.216
            0.445833  0.382495  0.000000
  -28.339  -28.241  -16.634  -15.667  -11.632  -10.770  -10.560   -8.506   -7.841   -7.462
   -5.697    2.426    4.981    4.996    8.275
            0.450000  0.375278  0.000000
  -28.343  -28.243  -16.653  -15.685  -11.622  -10.772  -10.489   -8.495   -7.852   -7.452
   -5.650    2.301    4.932    4.986    8.333
            0.454167  0.368061  0.000000
  -28.347  -28.245  -16.671  -15.702  -11.614  -10.774  -10.420   -8.485   -7.863   -7.443
   -5.604    2.181    4.888    4.976    8.388
            0.458333  0.360844  0.000000
  -28.350  -28.247  -16.688  -15.718  -11.608  -10.776  -10.354   -8.476   -7.873   -7.434
   -5.561    2.067    4.849    4.967    8.440
            0.462500  0.353627  0.000000
  -28.354  -28.249  -16.703  -15.732  -11.604  -10.778  -10.292   -8.467   -7.881   -7.426
   -5.521    1.961    4.815    4.959    8.489
            0.466667  0.346410  0.000000
  -28.356  -28.251  -16.716  -15.745  -11.602  -10.780  -10.234   -8.460   -7.889   -7.418
   -5.484    1.862    4.785    4.951    8.535
            0.470833  0.339193  0.000000
  -28.359  -28.253  -16.728  -15.757  -11.600  -10.782  -10.181   -8.453   -7.897   -7.410
   -5.450    1.773    4.760    4.944    8.577
            0.475000  0.331976  0.000000
  -28.361  -28.254  -16.738  -15.767  -11.599  -10.783  -10.134   -8.448   -7.903   -7.404
   -5.420    1.693    4.738    4.938    8.614
            0.479167  0.324760  0.000000
  -28.363  -28.255  -16.747  -15.776  -11.598  -10.785  -10.094   -8.443   -7.908   -7.398
   -5.394    1.624    4.720    4.933    8.647
            0.483333  0.317543  0.000000
  -28.365  -28.256  -16.754  -15.783  -11.598  -10.786  -10.060   -8.439   -7.912   -7.393
   -5.372    1.567    4.705    4.928    8.674
            0.487500  0.310326  0.000000
  -28.366  -28.257  -16.759  -15.788  -11.598  -10.787  -10.033   -8.436   -7.916   -7.390
   -5.355    1.522    4.694    4.925    8.696
            0.491667  0.303109  0.000000
  -28.367  -28.257  -16.763  -15.792  -11.597  -10.787  -10.014   -8.434   -7.918   -7.387
   -5.342    1.489    4.686    4.923    8.711
            0.495833  0.295892  0.000000
  -28.367  -28.258  -16.766  -15.794  -11.597  -10.788  -10.003   -8.432   -7.919   -7.385
   -5.334    1.470    4.681    4.921    8.721
            0.500000  0.288675  0.000000
  -28.367  -28.258  -16.767  -15.795  -11.597  -10.788   -9.999   -8.432   -7.920   -7.385
   -5.332    1.463    4.680    4.921    8.724
            0.492857  0.284551  0.000000
  -28.368  -28.258  -16.778  -15.782  -11.598  -10.787   -9.998   -8.431   -7.919   -7.384
   -5.332    1.463    4.676    4.926    8.722
            0.485714  0.280427  0.000000
  -28.370  -28.259  -16.812  -15.744  -11.600  -10.785   -9.995   -8.429   -7.915   -7.384
   -5.330    1.461    4.664    4.942    8.716
            0.478571  0.276303  0.000000
  -28.374  -28.260  -16.864  -15.685  -11.603  -10.782   -9.991   -8.426   -7.908   -7.383
   -5.328    1.458    4.647    4.965    8.707
            0.471429  0.272179  0.000000
  -28.379  -28.262  -16.928  -15.610  -11.607  -10.777   -9.986   -8.421   -7.898   -7.381
   -5.325    1.453    4.627    4.995    8.693
            0.464286  0.268055  0.000000
  -28.385  -28.264  -17.001  -15.524  -11.612  -10.770   -9.979   -8.415   -7.886   -7.379
   -5.321    1.448    4.604    5.029    8.676
            0.457143  0.263932  0.000000
  -28.392  -28.266  -17.079  -15.429  -11.618  -10.763   -9.970   -8.407   -7.871   -7.376
   -5.316    1.441    4.581    5.067    8.655
            0.450000  0.259808  0.000000
  -28.400  -28.270  -17.161  -15.327  -11.626  -10.754   -9.959   -8.399   -7.854   -7.373
   -5.311    1.434    4.556    5.107    8.629
            0.442857  0.255684  0.000000
  -28.410  -28.274  -17.246  -15.220  -11.634  -10.743   -9.947   -8.389   -7.834   -7.369
   -5.304    1.425    4.532    5.150    8.600
            0.435714  0.251560  0.000000
  -28.421  -28.278  -17.332  -15.109  -11.643  -10.732   -9.934   -8.378   -7.811   -7.365
   -5.297    1.415    4.507    5.195    8.567
            0.428571  0.247436  0.000000
  -28.433  -28.283  -17.418  -14.995  -11.653  -10.719   -9.919   -8.365   -7.785   -7.360
   -5.289    1.404    4.482    5.243    8.530
            0.421429  0.243312  0.000000
  -28.445  -28.289  -17.504  -14.879  -11.664  -10.705   -9.902   -8.352   -7.757   -7.355
   -5.280    1.392    4.456    5.292    8.489
            0.414286  0.239188  0.000000
  -28.459  -28.295  -17.590  -14.760  -11.675  -10.690   -9.884   -8.337   -7.726   -7.350
   -5.270    1.379    4.431    5.342    8.444
            0.407143  0.235064  0.000000
  -28.474  -28.302  -17.675  -14.639  -11.687  -10.674   -9.865   -8.321   -7.692   -7.344
   -5.259    1.365    4.405    5.393    8.396
            0.400000  0.230940  0.000000
  -28.489  -28.310  -17.760  -14.516  -11.700  -10.657   -9.844   -8.304   -7.656   -7.338
   -5.248    1.351    4.379    5.446    8.320
            0.392857  0.226816  0.000000
  -28.505  -28.318  -17.843  -14.392  -11.712  -10.639   -9.822   -8.286   -7.617   -7.331
   -5.236    1.335    4.352    5.498    8.169
            0.385714  0.222692  0.000000
  -28.522  -28.327  -17.925  -14.267  -11.725  -10.621   -9.798   -8.268   -7.575   -7.324
   -5.222    1.319    4.325    5.551    8.022
            0.378571  0.218568  0.000000
  -28.540  -28.337  -18.007  -14.142  -11.738  -10.601   -9.773   -8.248   -7.531   -7.317
   -5.208    1.301    4.298    5.603    7.877
            0.371429  0.214444  0.000000
  -28.558  -28.347  -18.087  -14.015  -11.751  -10.581   -9.746   -8.227   -7.484   -7.309
   -5.194    1.283    4.271    5.653    7.737
            0.364286  0.210320  0.000000
  -28.577  -28.357  -18.165  -13.889  -11.763  -10.559   -9.718   -8.206   -7.435   -7.301
   -5.178    1.264    4.243    5.702    7.600
            0.357143  0.206197  0.000000
  -28.597  -28.368  -18.243  -13.762  -11.775  -10.538   -9.689   -8.183   -7.383   -7.292
   -5.161    1.244    4.215    5.746    7.467
            0.350000  0.202073  0.000000
  -28.617  -28.380  -18.319  -13.637  -11.785  -10.515   -9.659   -8.160   -7.329   -7.284
   -5.144    1.223    4.187    5.787    7.338
            0.342857  0.197949  0.000000
  -28.637  -28.392  -18.394  -13.512  -11.794  -10.493   -9.628   -8.136   -7.275   -7.272
   -5.126    1.201    4.159    5.821    7.212
            0.335714  0.193825  0.000000
  -28.658  -28.404  -18.467  -13.389  -11.800  -10.469   -9.595   -8.111   -7.265   -7.214
   -5.107    1.178    4.130    5.846    7.089
            0.328571  0.189701  0.000000
  -28.679  -28.417  -18.538  -13.269  -11.804  -10.446   -9.561   -8.085   -7.256   -7.152
   -5.088    1.154    4.101    5.862    6.969
            0.321429  0.185577  0.000000
  -28.701  -28.430  -18.609  -13.153  -11.803  -10.421   -9.526   -8.058   -7.246   -7.089
   -5.067    1.129    4.073    5.865    6.851
            0.314286  0.181453  0.000000
  -28.723  -28.444  -18.678  -13.041  -11.798  -10.397   -9.491   -8.031   -7.236   -7.024
   -5.046    1.102    4.044    5.855    6.734
            0.307143  0.177329  0.000000
  -28.745  -28.458  -18.745  -12.936  -11.785  -10.372   -9.454   -8.003   -7.226   -6.956
   -5.024    1.075    4.015    5.830    6.619
            0.300000  0.173205  0.000000
  -28.767  -28.472  -18.811  -12.840  -11.764  -10.347   -9.416   -7.975   -7.216   -6.887
   -5.001    1.046    3.987    5.792    6.505
            0.292857  0.169081  0.000000
  -28.790  -28.486  -18.875  -12.755  -11.731  -10.322   -9.378   -7.945   -7.205   -6.816
   -4.978    1.016    3.958    5.740    6.393
            0.285714  0.164957  0.000000
  -28.813  -28.500  -18.938  -12.683  -11.686  -10.297   -9.339   -7.915   -7.195   -6.743
   -4.954    0.985    3.930    5.678    6.283
            0.278571  0.160833  0.000000
  -28.835  -28.515  -18.999  -12.624  -11.628  -10.272   -9.299   -7.885   -7.184   -6.668
   -4.929    0.952    3.903    5.608    6.174
            0.271429  0.156709  0.000000
  -28.858  -28.530  -19.059  -12.579  -11.556  -10.246   -9.259   -7.854   -7.174   -6.591
   -4.903    0.918    3.876    5.532    6.068
            0.264286  0.152585  0.000000
  -28.881  -28.545  -19.117  -12.547  -11.471  -10.221   -9.218   -7.822   -7.163   -6.513
   -4.877    0.882    3.849    5.452    5.964
            0.257143  0.148461  0.000000
  -28.903  -28.560  -19.174  -12.526  -11.377  -10.195   -9.176   -7.790   -7.152   -6.434
   -4.850    0.845    3.823    5.369    5.862
            0.250000  0.144338  0.000000
  -28.926  -28.575  -19.229  -12.513  -11.274  -10.169   -9.134   -7.758   -7.142   -6.353
   -4.823    0.806    3.798    5.286    5.763
            0.242857  0.140214  0.000000
  -28.948  -28.590  -19.283  -12.508  -11.165  -10.142   -9.092   -7.725   -7.131   -6.271
   -4.794    0.765    3.774    5.201    5.665
            0.235714  0.136090  0.000000
  -28.971  -28.605  -19.335  -12.508  -11.053  -10.115   -9.049   -7.692   -7.120   -6.188
   -4.766    0.723    3.750    5.117    5.569
            0.228571  0.131966  0.000000
  -28.993  -28.620  -19.386  -12.512  -10.938  -10.088   -9.007   -7.658   -7.110   -6.104
   -4.736    0.679    3.728    5.034    5.476
            0.221429  0.127842  0.000000
  -29.015  -28.634  -19.435  -12.519  -10.823  -10.059   -8.964   -7.624   -7.099   -6.019
   -4.707    0.633    3.706    4.952    5.385
            0.214286  0.123718  0.000000
  -29.036  -28.649  -19.482  -12.529  -10.708  -10.027   -8.921   -7.590   -7.089   -5.933
   -4.676    0.586    3.686    4.872    5.296
            0.207143  0.119594  0.000000
  -29.057  -28.663  -19.528  -12.540  -10.597   -9.993   -8.878   -7.556   -7.079   -5.846
   -4.645    0.537    3.666    4.793    5.209
            0.200000  0.115470  0.000000
  -29.078  -28.678  -19.573  -12.553  -10.491   -9.954   -8.836   -7.522   -7.069   -5.759
   -4.614    0.487    3.647    4.716    5.124
            0.192857  0.111346  0.000000
  -29.098  -28.692  -19.615  -12.566  -10.392   -9.909   -8.794   -7.488   -7.059   -5.671
   -4.583    0.435    3.630    4.641    5.041
            0.185714  0.107222  0.000000
  -29.118  -28.705  -19.657  -12.580  -10.304   -9.854   -8.752   -7.455   -7.050   -5.583
   -4.551    0.381    3.613    4.569    4.961
            0.178571  0.103098  0.000000
  -29.138  -28.719  -19.697  -12.595  -10.229   -9.787   -8.710   -7.421   -7.041   -5.495
   -4.519    0.327    3.597    4.499    4.882
            0.171429  0.098974  0.000000
  -29.157  -28.732  -19.735  -12.609  -10.168   -9.710   -8.670   -7.388   -7.032   -5.407
   -4.486    0.271    3.582    4.431    4.806
            0.164286  0.094850  0.000000
  -29.175  -28.745  -19.772  -12.624  -10.119   -9.622   -8.630   -7.355   -7.023   -5.319
   -4.454    0.214    3.568    4.366    4.732
            0.157143  0.090726  0.000000
  -29.193  -28.757  -19.807  -12.639  -10.080   -9.527   -8.590   -7.323   -7.015   -5.232
   -4.422    0.156    3.555    4.303    4.660
            0.150000  0.086603  0.000000
  -29.210  -28.769  -19.840  -12.653  -10.048   -9.428   -8.552   -7.291   -7.006   -5.145
   -4.390    0.098    3.543    4.243    4.591
            0.142857  0.082479  0.000000
  -29.227  -28.781  -19.872  -12.668  -10.022   -9.328   -8.514   -7.261   -6.999   -5.059
   -4.357    0.038    3.531    4.185    4.524
            0.135714  0.078355  0.000000
  -29.243  -28.792  -19.903  -12.682   -9.999   -9.227   -8.478   -7.231   -6.991   -4.973
   -4.326   -0.021    3.520    4.130    4.459
            0.128571  0.074231  0.000000
  -29.258  -28.803  -19.932  -12.695   -9.979   -9.127   -8.442   -7.201   -6.984   -4.889
   -4.294   -0.081    3.510    4.078    4.398
            0.121429  0.070107  0.000000
  -29.273  -28.813  -19.959  -12.708   -9.962   -9.029   -8.408   -7.173   -6.978   -4.807
   -4.263   -0.141    3.500    4.028    4.328
            0.114286  0.065983  0.000000
  -29.287  -28.823  -19.985  -12.721   -9.946   -8.934   -8.375   -7.146   -6.971   -4.726
   -4.233   -0.200    3.490    3.981    4.232
            0.107143  0.061859  0.000000
  -29.300  -28.833  -20.009  -12.733   -9.932   -8.842   -8.344   -7.121   -6.965   -4.647
   -4.204   -0.259    3.481    3.936    4.139
            0.100000  0.057735  0.000000
  -29.312  -28.841  -20.032  -12.744   -9.920   -8.754   -8.314   -7.096   -6.960   -4.570
   -4.175   -0.317    3.473    3.894    4.051
            0.092857  0.053611  0.000000
  -29.324  -28.850  -20.053  -12.755   -9.909   -8.670   -8.286   -7.073   -6.955   -4.496
   -4.148   -0.374    3.465    3.855    3.968
            0.085714  0.049487  0.000000
  -29.335  -28.857  -20.073  -12.765   -9.898   -8.591   -8.260   -7.052   -6.950   -4.425
   -4.121   -0.429    3.457    3.818    3.889
            0.078571  0.045363  0.000000
  -29.345  -28.865  -20.091  -12.774   -9.889   -8.516   -8.235   -7.032   -6.946   -4.357
   -4.096   -0.482    3.450    3.784    3.815
            0.071429  0.041239  0.000000
  -29.354  -28.871  -20.107  -12.783   -9.881   -8.447   -8.212   -7.013   -6.942   -4.293
   -4.073   -0.532    3.443    3.747    3.752
            0.064286  0.037115  0.000000
  -29.362  -28.877  -20.122  -12.790   -9.874   -8.384   -8.192   -6.996   -6.938   -4.233
   -4.051   -0.580    3.437    3.684    3.723
            0.057143  0.032991  0.000000
  -29.370  -28.883  -20.136  -12.797   -9.867   -8.326   -8.173   -6.981   -6.935   -4.178
   -4.032   -0.625    3.431    3.628    3.696
            0.050000  0.028868  0.000000
  -29.377  -28.887  -20.147  -12.804   -9.862   -8.274   -8.156   -6.968   -6.932   -4.127
   -4.014   -0.665    3.426    3.577    3.672
            0.042857  0.024744  0.000000
  -29.382  -28.892  -20.157  -12.809   -9.857   -8.229   -8.141   -6.956   -6.930   -4.083
   -3.998   -0.702    3.421    3.533    3.651
            0.035714  0.020620  0.000000
  -29.387  -28.895  -20.166  -12.814   -9.853   -8.190   -8.129   -6.946   -6.928   -4.044
   -3.984   -0.734    3.417    3.495    3.633
            0.028571  0.016496  0.000000
  -29.391  -28.898  -20.173  -12.818   -9.850   -8.158   -8.119   -6.938   -6.926   -4.012
   -3.973   -0.760    3.414    3.464    3.618
            0.021429  0.012372  0.000000
  -29.394  -28.900  -20.179  -12.821   -9.847   -8.133   -8.111   -6.932   -6.925   -3.986
   -3.964   -0.782    3.411    3.439    3.606
            0.014286  0.008248  0.000000
  -29.397  -28.902  -20.183  -12.823   -9.845   -8.115   -8.105   -6.927   -6.924   -3.967
   -3.958   -0.797    3.409    3.422    3.598
            0.007143  0.004124  0.000000
  -29.398  -28.903  -20.185  -12.824   -9.844   -8.104   -8.101   -6.924   -6.924   -3.956
   -3.954   -0.806    3.408    3.411    3.592
            0.000000  0.000000  0.000000
  -29.399  -28.903  -20.186  -12.824   -9.844   -8.100   -8.100   -6.924   -6.924   -3.952
   -3.952   -0.810    3.408    3.408    3.591
