CELL_PARAMETERS (alat=  4.92285192)
   1.000025112  -0.000000000   0.000000000
  -0.500012556   0.866047151   0.000000000
   0.000000000   0.000000000   7.101626824

ATOMIC_POSITIONS (crystal)
C             0.8333333330        0.6666666660       -0.0132177098
C             0.1666666660        0.3333333330        0.0132177098
F             0.8333333330        0.6666666660       -0.0877965751
F             0.1666666660        0.3333333330        0.0877965751
--
CELL_PARAMETERS (alat=  4.92285192)
   1.000037429  -0.000000000   0.000000000
  -0.500018715   0.866057819   0.000000000
   0.000000000   0.000000000   7.101626824

ATOMIC_POSITIONS (crystal)
C             0.8333333330        0.6666666660       -0.0132148494
C             0.1666666660        0.3333333330        0.0132148494
F             0.8333333330        0.6666666660       -0.0877987513
F             0.1666666660        0.3333333330        0.0877987513
--
CELL_PARAMETERS (alat=  4.92285192)
   1.000058204  -0.000000000   0.000000000
  -0.500029102   0.866075810   0.000000000
   0.000000000   0.000000000   7.101626824

ATOMIC_POSITIONS (crystal)
C             0.8333333330        0.6666666660       -0.0132149458
C             0.1666666660        0.3333333330        0.0132149458
F             0.8333333330        0.6666666660       -0.0877996828
F             0.1666666660        0.3333333330        0.0877996828
--
CELL_PARAMETERS (alat=  4.92285192)
   1.000081055  -0.000000000   0.000000000
  -0.500040528   0.866095600   0.000000000
   0.000000000   0.000000000   7.101626824

ATOMIC_POSITIONS (crystal)
C             0.8333333330        0.6666666660       -0.0132153022
C             0.1666666660        0.3333333330        0.0132153022
F             0.8333333330        0.6666666660       -0.0877999371
F             0.1666666660        0.3333333330        0.0877999371
--
CELL_PARAMETERS (alat=  4.92285192)
   1.000081055  -0.000000000   0.000000000
  -0.500040528   0.866095600   0.000000000
   0.000000000   0.000000000   7.101626824

ATOMIC_POSITIONS (crystal)
C             0.8333333330        0.6666666660       -0.0132153022
C             0.1666666660        0.3333333330        0.0132153022
F             0.8333333330        0.6666666660       -0.0877999371
F             0.1666666660        0.3333333330        0.0877999371
